2 0.78962 0.0368685 0.0184607 0.0197083 0.0423309 0.0115541 0.0163324 0.0106195 0.00537451 0.0491317 
3 0.968766 0.00999076 0.00789971 0.00135006 0.00160803 0.00519789 0.000616523 0.000507408 0.000326166 0.0037379 
4 0.646204 0.0412851 0.0328469 0.0413188 0.0356885 0.0228628 0.0325132 0.043643 0.00871007 0.0949274 
5 0.945193 0.0236434 0.0234833 0.00508016 0.000207698 0.001283 0 0 0.000189911 0.000919503 
6 0.853406 0.0593416 0.0132828 0.0146561 0.0168204 0.00780983 0.00754364 0.00572344 0.0040001 0.0174163 
7 0.914941 0.019739 0.0255892 0.017828 0.00719132 0.00218185 0.00253239 0.0023854 0.00153328 0.00607824 
8 0.963721 0.0268616 0.00749961 0.000864733 8.40814e-05 0.000519408 0 0 7.68831e-05 0.00037225 
9 0.855962 0.038857 0.0287681 0.0162255 0.00898945 0.00938799 0.0090937 0.00689949 0.00482204 0.020995 
10 0.906194 0.0239894 0.0331352 0.00824119 0.00933796 0.00283314 0.00328832 0.00309746 0.00199098 0.00789264 
11 0.937972 0.0247081 0.0181502 0.00217483 0.0125195 0.000664063 0.000770342 0.000725629 0.000466418 0.00184897 
12 0.778316 0.0442384 0.0375375 0.0235888 0.020089 0.0138649 0.0195989 0.0127434 0.00644941 0.0435734 
13 0.801253 0.0417381 0.0465772 0.0179311 0.0228318 0.0101016 0.024445 0.0074068 0.0051766 0.0225387 
14 0.864031 0.0322288 0.0379442 0.0361019 0.0142742 0.002287 0.00265443 0.00250036 0.00160717 0.00637116 
15 0.852586 0.0663827 0.0258674 0.00947035 0.0140193 0.00580868 0.00562577 0.00426833 0.00298313 0.0129884 
16 0.795673 0.0394071 0.0189465 0.0201746 0.0174536 0.0247437 0.0167622 0.010899 0.00551595 0.0504246 
17 0.909993 0.0706893 0.011116 0.00392031 0.000135055 0.00342496 0 0 0.000123491 0.000597915 
18 0.950892 0.0245071 0.00453615 0.00570613 0.00599187 0.00435943 0.000809993 0.000762978 0.000490424 0.00194414 
19 0.974475 0.0113518 0.00670359 0.0016783 0.00190165 0.000576963 0.000669659 0.00063079 0.000405457 0.00160732 
20 0.876723 0.0340566 0.0401206 0.00679528 0.00662412 0.00756551 0.00710194 0.00661656 0.00186381 0.0125322 
21 0.975574 0.0113645 0.00208036 0.00487986 0.000626182 0.00183955 0.00135621 0.000480594 0.000335886 0.00146244 
22 0.840548 0.0431152 0.0177104 0.0169037 0.00994288 0.0103837 0.0100582 0.00763125 0.00555208 0.0381546 
23 0.910247 0.042395 0.0102109 0.0129594 0.013517 0.00158713 0.00183598 0.00172942 0.00111163 0.00440672 
24 0.854297 0.0321055 0.0258015 0.0197774 0.0069912 0.0285488 0.0070706 0.00535811 0.00374478 0.0163046 
25 0.905214 0.0180023 0.0322152 0.0155128 0.0162567 0.00189821 0.00220318 0.0020753 0.00133395 0.00528807 
26 0.920631 0.0461815 0.0110468 0.00497441 0.00563643 0.0017101 0.00198484 0.00186964 0.00120176 0.00476402 
27 0.907715 0.0742842 0.0130159 0.00147652 0.000280271 0.00173136 0 0 0.000256277 0.00124084 
28 0.560787 0.0621303 0.0429597 0.0879312 0.0102265 0.0592908 0.0316598 0.0268427 0 0.118172 
29 0.877237 0.0388964 0.0206689 0.0108316 0.00637117 0.00665363 0.00644505 0.00488993 0.00374764 0.0242586 
30 0.808689 0.0645643 0.0158235 0.0168491 0.0143493 0.00990347 0.0139992 0.00910242 0.00460672 0.0421129 
31 0.970363 0.019076 0.00493686 0.00126352 0.00143168 0.000434372 0.000504159 0.000474897 0.000305253 0.00121008 
32 0.879288 0.0432278 0.0104365 0.00996112 0.00585921 0.0150475 0.00592717 0.0134255 0.00314294 0.0136842 
33 0.935417 0.0191775 0.0150914 0.00198407 0.01299 0.00068051 0.000789669 0.000877128 0.0109767 0.00201614 
34 0.967541 0.0113524 0.00611352 0.00151692 0.00446605 0.000521485 0.000605268 0.00331739 0.000366471 0.00420002 
35 0.919159 0.0318506 0.0105625 0.0047619 0.014027 0.0102424 0.00189929 0.00178905 0.00114996 0.00455868 
36 0.896899 0.0536332 0.00865844 0.00826404 0.00486096 0.00507647 0.00491734 0.00373083 0.00260747 0.0113528 
37 0.63038 0.0433219 0.034296 0.0431416 0.037263 0.0238715 0.032715 0.0321466 0.0100129 0.112851 
38 0.636019 0.0424123 0.0337989 0.0425164 0.0367229 0.0236037 0.0466552 0.031681 0.00891184 0.0976789 
39 0.838234 0.0436392 0.0179829 0.0325484 0.0100958 0.0105434 0.0102129 0.00774865 0.00541552 0.023579 
40 0.778203 0.0389056 0.0196608 0.0340687 0.0311217 0.0121786 0.0307287 0.0111935 0.00566502 0.0382739 
41 0.893905 0.0199935 0.0406143 0.00563639 0.0128539 0.00668362 0.0103418 0.00321423 0.00136118 0.00539599 
42 0.951283 0.033211 0.00519474 0.00295468 0.00306339 0.000357478 0.000414911 0.000390828 0.00213445 0.000995873 
43 0.56575 0.0799801 0.0838056 0.00290755 0.0491505 0.0501127 0.0222077 0.0555273 0.00576341 0.0847947 
44 0.88822 0.0314398 0.0187915 0.0154464 0.00796244 0.00549522 0.00776786 0.00505073 0.00255617 0.0172699 
45 0.953667 0.0191791 0.0153382 0.00265469 0.0030079 0.000912599 0.00105922 0.00099774 0.000641324 0.00254234 
46 0.61362 0.0450222 0.0358789 0.0451328 0.0389828 0.0249732 0.0342255 0.0490143 0.00946026 0.10369 
47 0.852375 0.036366 0.0149858 0.0271237 0.0212337 0.0087862 0.00851077 0.00645721 0.00451294 0.0196492 
48 0.882183 0.0273912 0.0295331 0.0104841 0.00613299 0.00640489 0.00620412 0.00470713 0.00329013 0.0236691 
49 0.914941 0.025485 0.028702 0.00493002 0.0055861 0.00169483 0.00196712 0.00185302 0.0101195 0.00472149 
50 0.823586 0.0401011 0.0177596 0.0293154 0.0225133 0.0237369 0.00934986 0.00709384 0.00495787 0.0215864 
51 0.914905 0.0256646 0.0313191 0.00448911 0.00508653 0.00155451 0.00991003 0.00168723 0.00108452 0.00429924 
52 0.950336 0.0252075 0.00532505 0.00666163 0.00268516 0.000814683 0.00523741 0.000890686 0.000572512 0.00226956 
53 0.763939 0.0531692 0.019459 0.0341889 0.0176902 0.0173199 0.0351213 0.0151732 0.00566502 0.0382739 
54 0.770365 0.194102 0.00622795 0.00593428 0.00349059 0.00364534 0.00353107 0.00267906 0.00187239 0.00815231 
55 0.910214 0.0228872 0.0175036 0.007888 0.00893776 0.00271172 0.0031474 0.00296471 0.00190565 0.0218401 
56 0.836178 0.0352044 0.047262 0.0163709 0.00790639 0.00825691 0.00800634 0.0181081 0.00424109 0.0184655 
57 0.906602 0.0205398 0.0285288 0.00707897 0.00802107 0.0024336 0.00282459 0.0154812 0.0017102 0.00677957 
58 0.849836 0.0648505 0.0129877 0.0235072 0.00729145 0.0076147 0.007376 0.00559625 0.00391121 0.0170293 
59 0.631242 0.0535756 0.0355186 0.0413188 0.0356885 0.0228628 0.0317426 0.0444629 0.0086608 0.0949274 
60 0.953272 0.00804096 0.027714 0.00246677 0.00279305 0.000847414 0.000983561 0.000926473 0.000595515 0.00236074 
61 0.966452 0.00968017 0.00794733 0.001972 0.00223444 0.000677931 0.00266352 0.00571328 0.000770502 0.0018886 
62 0.839281 0.0390303 0.01398 0.0148861 0.0222151 0.0186295 0.0123682 0.00804194 0.00407002 0.0274978 
63 0.890139 0.0484347 0.00935111 0.00903132 0.0131437 0.00548259 0.00531072 0.0040293 0.00281607 0.0122611 
64 0.842667 0.0412654 0.0242885 0.0331523 0.00713294 0.00756291 0.0179715 0.00547461 0.00382619 0.0166591 
65 0.963173 0.0245909 0.00407104 0.00183442 0.00207855 0.000630634 0.000731952 0.000689468 0.000443174 0.00175683 
66 0.888285 0.0412547 0.0492866 0.00531779 0.00861234 0.00366975 0.000722358 0.000680426 0.000437362 0.00173379 
67 0.913212 0.0539555 0.0109689 0.00377046 0.00551971 0.00233175 0.00222765 0.00169014 0.00118124 0.00514307 
68 0.83669 0.102599 0.0106263 0.0101422 0.00596573 0.00623021 0.00603491 0.00457875 0.00320008 0.013933 
69 0.94921 0.00822654 0.00682912 0.00811264 0.0066418 0.00583248 0.00108007 0.00591918 0.000705677 0.00744237 
70 0.893444 0.0287962 0.0197482 0.0145591 0.0075045 0.0051794 0.00732143 0.00476046 0.00240926 0.0162774 
71 0.895209 0.0361009 0.0312088 0.0116364 0.00386018 0.00403131 0.00390494 0.00296272 0.00207064 0.00901549 
72 0.514979 0.0870306 0.0859163 0.00335486 0.0567121 0.0578223 0.0299237 0.0597705 0.00665009 0.09784 
73 0.858717 0.0389066 0.0155852 0.0148753 0.00874973 0.00913765 0.0088512 0.0067155 0.00469345 0.0337684 
74 0.840685 0.042978 0.0177104 0.0169037 0.00994288 0.0103837 0.0100582 0.00763125 0.00533347 0.0383732 
75 0.933745 0.0244691 0.0237151 0.00406 0.00460032 0.00139574 0.00161998 0.00152595 0.000980849 0.00388828 
76 0.922505 0.0156185 0.0298614 0.00511343 0.0150514 0.0017576 0.00203998 0.00192157 0.00123514 0.00489636 
77 0.865217 0.0340677 0.0250252 0.0129726 0.00763058 0.00796888 0.00771907 0.00585654 0.00409356 0.0294488 
78 0.838766 0.125604 0.0259604 0.00516888 0.000359521 0.00222092 0 0 0.000328742 0.00159169 
79 0.890155 0.0298633 0.0121759 0.0116213 0.00683573 0.00713879 0.006915 0.00524648 0.00366676 0.0263816 
80 0.895648 0.0480989 0.0186462 0.00858735 0.00442642 0.00305497 0.0043184 0.00280787 0.00143723 0.0129746 
81 0.890985 0.0210819 0.0161217 0.00726527 0.02139 0.0156555 0.00289892 0.00273066 0.00180307 0.020068 
82 0.89096 0.0303555 0.0105318 0.0242971 0.00533984 0.00558125 0.0118483 0.00576415 0.00286186 0.0124604 
83 0.913304 0.0275601 0.0231184 0.00615389 0.0165316 0.0019773 0.00229498 0.00216177 0.00138954 0.0055084 
84 0.947372 0.0189379 0.00881474 0.00398567 0.011682 0.00136562 0.00158502 0.00149302 0.000959679 0.00380436 
85 0.892294 0.0194011 0.0370633 0.006351 0.0186713 0.00219616 0.0140266 0.0023854 0.00153328 0.00607824 
86 0.514979 0.102415 0.0859163 0.00335486 0.0567121 0.0578223 0.0256141 0.0486955 0.00665009 0.09784 
87 0.845363 0.04183 0.0317874 0.0164065 0.00965044 0.0100783 0.00976236 0.0074068 0.0051766 0.0225387 
88 0.785702 0.044681 0.0211755 0.0245694 0.0318873 0.0132532 0.0187342 0.0121812 0.00616488 0.041651 
89 0.794151 0.0410785 0.0348562 0.0219039 0.0186541 0.0128745 0.018199 0.0118331 0.00598874 0.040461 
90 0.522328 0.0861142 0.0993637 0.00330403 0.0558529 0.0569462 0.025226 0.0479577 0.00654933 0.0963576 
91 0.833055 0.0412914 0.0313156 0.0161688 0.00951058 0.00993222 0.00962087 0.00729945 0.00578085 0.0360256 
92 0.820147 0.0333945 0.0381825 0.0260908 0.0141967 0.00979582 0.0138471 0.00900348 0.00455665 0.0307856 
93 0.840685 0.042978 0.0177104 0.0175691 0.0241334 0.0106793 0.0100582 0.00763125 0.00533347 0.0232217 
94 0.895799 0.0188725 0.0379311 0.015173 0.0180037 0.00210912 0.00244797 0.00230589 0.00148217 0.00587563 
95 0.61362 0.0450222 0.0358789 0.0451328 0.0389828 0.0264556 0.0481272 0.0336303 0.00946026 0.10369 
96 0.860651 0.0457121 0.0142548 0.0136054 0.00800281 0.0083576 0.00809632 0.0183366 0.00429279 0.0186907 
97 0.854604 0.0457204 0.0174461 0.0166514 0.00979448 0.0102287 0.00990806 0.00751735 0.00525387 0.0228751 
98 0.796285 0.046492 0.0214916 0.0228847 0.0194893 0.013451 0.0190139 0.012363 0.00625689 0.0422727 
99 0.911511 0.0402113 0.0126314 0.00569237 0.00644993 0.00195691 0.00243842 0.0122816 0.00137527 0.00545161 
100 0.778316 0.0442384 0.0221529 0.0235888 0.020089 0.0141761 0.0346719 0.0127438 0.00644941 0.0435734 
101 0.607033 0.0424122 0.0337989 0.0425164 0.0367229 0.0235255 0.0322409 0.0316807 0.00891628 0.141153 
102 0.904296 0.0363723 0.0167869 0.0072918 0.00428909 0.00447924 0.00433883 0.00329191 0.00230114 0.0165527 
103 0.838234 0.0436392 0.0179829 0.0171638 0.0100958 0.0155201 0.0206209 0.00774865 0.00541552 0.023579 
104 0.848676 0.0485824 0.0179829 0.0171638 0.0100958 0.0105434 0.0102129 0.00774865 0.00541552 0.023579 
105 0.906798 0.0201673 0.0140935 0.0141212 0.0083628 0.00452898 0.00640165 0.00416241 0.00210659 0.0192576 
106 0.838234 0.0436392 0.0179829 0.0171638 0.0100958 0.0105434 0.0102129 0.00774865 0.00541553 0.0389636 
107 0.861871 0.0699833 0.0119274 0.0113841 0.00669623 0.0069931 0.00677388 0.00513941 0.00359193 0.0156391 
108 0.794773 0.040307 0.0189465 0.0313707 0.0191432 0.0118581 0.0167622 0.010899 0.00690159 0.049039 
109 0.627211 0.0529844 0.0375817 0.0607689 0.0086731 0.0502846 0.0268507 0.0227654 0 0.11288 
110 0.9301 0.0178674 0.0136139 0.00613511 0.00695159 0.00210912 0.00244797 0.00230589 0.00153975 0.0169292 
111 0.874526 0.0351646 0.0165574 0.00747336 0.048618 0.00293055 0.00297727 0.00280446 0.00180264 0.00714604 
112 0.781675 0.0435681 0.0218172 0.0232314 0.0197846 0.0136548 0.019302 0.0125503 0.00635171 0.0580647 
113 0.781656 0.0574469 0.0186661 0.0196573 0.0167408 0.0115552 0.0301977 0.0223438 0.00542486 0.0363112 
114 0.838234 0.0436392 0.0179829 0.0171638 0.0100958 0.0105434 0.0102129 0.00774865 0.0208001 0.023579 
115 0.849789 0.0405221 0.0166984 0.0159378 0.00937472 0.00979033 0.00948343 0.00719518 0.0050287 0.0361805 
116 0.902845 0.0213832 0.0296698 0.00736213 0.0216752 0.00253094 0.00293757 0.00276707 0.00177861 0.00705076 
117 0.908325 0.0309198 0.0202313 0.0141106 0.00568767 0.0108166 0.00200289 0.00188664 0.00121269 0.00480733 
118 0.838234 0.0436392 0.0179829 0.0171638 0.0100958 0.0105434 0.0102129 0.00774865 0.00541552 0.0389636 
119 0.903388 0.0444523 0.0296103 0.00506767 0.00573985 0.00174147 0.00202126 0.00190394 0.00122381 0.00485144 
120 0.863422 0.0325105 0.0282522 0.028398 0.00722902 0.00736907 0.00713807 0.00541572 0.00378504 0.0164799 
121 0.781675 0.0435681 0.0218172 0.0232314 0.0197846 0.0136548 0.019302 0.0125503 0.00635169 0.0580647 
122 0.794151 0.0410785 0.0205705 0.0219039 0.0329398 0.0128745 0.018199 0.0118331 0.00598874 0.040461 
123 0.83307 0.0523192 0.0211693 0.0234334 0.0120924 0.00834459 0.0117956 0.00766963 0.00388159 0.0262247 
124 0.781686 0.0511943 0.0191992 0.033777 0.017463 0.0252936 0.0169891 0.0110443 0.00558949 0.0377636 
125 0.838234 0.0436392 0.0216228 0.02773 0.0112743 0.0105434 0.0102129 0.00774865 0.00541552 0.023579 
126 0.847612 0.0411094 0.0169404 0.0161688 0.00951059 0.024425 0.00962087 0.00729945 0.00510158 0.0222121 
127 0.83922 0.0402491 0.0165811 0.0290374 0.00911431 0.00992135 0.0227059 0.00699531 0.00488901 0.0212866 
128 0.85588 0.0389391 0.0160122 0.0152828 0.00898945 0.00938799 0.0090937 0.00689948 0.00496089 0.0345548 
129 0.913904 0.0219466 0.0169021 0.0211446 0.00857046 0.00260028 0.00301805 0.00284288 0.00182733 0.00724393 
130 0.799663 0.0401438 0.0199991 0.0212955 0.0181359 0.0125169 0.0176935 0.0115374 0.0170555 0.0419599 
131 0.61362 0.0450222 0.0358789 0.0451328 0.0389828 0.0249732 0.034225 0.0336393 0.0248335 0.103692 
132 0.629005 0.0450222 0.0358789 0.0451328 0.0389828 0.0249732 0.034225 0.0336303 0.00946026 0.10369 
133 0.818199 0.085441 0.0247535 0.012073 0.0102818 0.00709619 0.0100309 0.00652221 0.00330088 0.0223013 
134 0.830683 0.0425707 0.0158235 0.0278381 0.0143493 0.00990347 0.0139992 0.00910242 0.00460672 0.0311239 
135 0.78598 0.0538264 0.0199991 0.0212955 0.0181359 0.0125169 0.0176935 0.0115044 0.00582252 0.0532259 
136 0.778316 0.0442384 0.0221529 0.0235888 0.02455 0.0247538 0.0196335 0.0127434 0.00644941 0.0435734 
137 0.845371 0.041714 0.0171895 0.0164065 0.00965337 0.0247812 0.00976238 0.0074068 0.0051766 0.0225387 
138 0.918376 0.0208065 0.0159123 0.00717091 0.00812524 0.0024652 0.00286127 0.00278845 0.0146236 0.00687021 
139 0.853885 0.0394725 0.0162346 0.0154951 0.00911431 0.00951838 0.00922 0.00699531 0.00488902 0.0351755 
140 0.810789 0.0452332 0.0155895 0.0479261 0.0139205 0.0095874 0.0135524 0.00881192 0.0044597 0.0301305 
141 0.850307 0.0499758 0.0151804 0.0144889 0.00852247 0.0089003 0.00862338 0.0195234 0.00457415 0.0199043 
142 0.534356 0.0785693 0.0914522 0.0030287 0.0651381 0.0660388 0.0231238 0.0439612 0.00600355 0.0883278 
143 0.794151 0.0410785 0.0205705 0.0219039 0.0186541 0.0128745 0.018199 0.0118331 0.00598949 0.054746 
144 0.867546 0.0357832 0.0174281 0.0109519 0.00942395 0.0134832 0.00909949 0.00591657 0.00322781 0.0271399 
145 0.903345 0.0218801 0.0167974 0.0329054 0.00823215 0.00249764 0.00289892 0.00273066 0.0017552 0.00695798 
146 0.781675 0.0435681 0.0369687 0.0232314 0.0197846 0.0136548 0.019302 0.0125503 0.00635169 0.0429132 
147 0.8339 0.0227116 0.0594119 0.0501727 0.00505394 0.00527172 0.00510646 0.00387433 0.00270776 0.0117895 
148 0.911479 0.0225648 0.017257 0.0077769 0.00881188 0.00267353 0.00330535 0.0168052 0.00187881 0.00744798 
149 0.83224 0.0665742 0.0177104 0.0169037 0.00994288 0.0103837 0.0100582 0.00763125 0.00533347 0.0232217 
150 0.907979 0.0288771 0.0136139 0.0171316 0.00706626 0.00211081 0.0135574 0.00230589 0.00148217 0.00587563 
151 0.900178 0.0399691 0.0139751 0.0127678 0.00538881 0.00814558 0.00803787 0.00243315 0.00170053 0.00740403 
152 0.876783 0.0263242 0.00959958 0.0102235 0.0220313 0.0126804 0.00849286 0.00552213 0.00946141 0.0188818 
153 0.766965 0.0364051 0.0309073 0.0346408 0.0223497 0.0163779 0.040711 0.0104851 0.00530648 0.0358515 
154 0.851015 0.045673 0.0139156 0.025186 0.00781226 0.00815864 0.0198076 0.005996 0.00419059 0.0182456 
155 0.784934 0.0429179 0.0214916 0.0230953 0.034204 0.013451 0.0190139 0.012363 0.00625689 0.0422727 
156 0.792858 0.0450818 0.0221529 0.0235888 0.020089 0.0138649 0.0195989 0.0127434 0.00644941 0.0435734 
157 0.910411 0.020288 0.0271334 0.0189302 0.0076298 0.00231489 0.0026868 0.00253085 0.00162677 0.00644886 
158 0.838234 0.0436392 0.0179829 0.0171638 0.0100958 0.0105434 0.0119893 0.0213569 0.00541552 0.023579 
159 0.763827 0.0260805 0.028735 0.0255098 0.0220338 0.0228067 0.0193487 0.0190084 0.00534892 0.0673012 
160 0.796821 0.0435737 0.0218172 0.0232314 0.0197846 0.0136548 0.019302 0.0125503 0.00635169 0.0429132 
161 0.890432 0.045754 0.0159516 0.00820328 0.0121782 0.00503914 0.00488118 0.0037034 0.0025883 0.0112694 
162 0.901999 0.0196726 0.0259919 0.0181541 0.00736051 0.00223318 0.00259197 0.00244153 0.00158167 0.0179736 
163 0.833136 0.051154 0.0289185 0.0148753 0.00874975 0.022471 0.0088512 0.0067155 0.00469345 0.0204351 
164 0.791168 0.0416739 0.0208687 0.0222213 0.0189244 0.0130611 0.0184627 0.0120046 0.00607555 0.0555402 
165 0.640514 0.0678768 0.0682928 0.0105217 0.0514026 0.0430707 0.0177454 0.0319718 0.00436622 0.0642384 
166 0.86315 0.0448011 0.0219861 0.0126835 0.00719396 0.0177144 0.00706388 0.00535811 0.00374478 0.0163046 
167 0.912158 0.0401228 0.0186738 0.0130326 0.00525751 0.00159513 0.00185141 0.00174395 0.00112097 0.00444375 
168 0.844933 0.0870486 0.0208637 0.0153158 0.00475529 0.00496611 0.00481044 0.00364973 0.00255079 0.011106 
169 0.865231 0.0557118 0.0171529 0.0132642 0.00741923 0.00512054 0.00760752 0.0100189 0.00238188 0.0160924 
170 0.942306 0.0151221 0.0111386 0.00501963 0.00568767 0.00172564 0.00226251 0.0107179 0.00121269 0.00480733 
171 0.841426 0.0438794 0.012363 0.0297832 0.0195405 0.00763742 0.010796 0.00701966 0.00355264 0.0240023 
172 0.90636 0.037925 0.0120126 0.0152195 0.0159352 0.00186099 0.00215998 0.00203461 0.0013078 0.00518438 
173 0.888968 0.043378 0.026491 0.00657335 0.00744814 0.00225977 0.00262283 0.00247059 0.00167483 0.0181133 
174 0.913493 0.0286637 0.0293098 0.00472102 0.0160081 0.00115744 0.0013434 0.00126543 0.000813387 0.00322443 
175 0.624604 0.0442283 0.0348079 0.0437855 0.0378191 0.0244726 0.0478838 0.0326264 0.00917786 0.100595 
176 0.906194 0.0239119 0.0182874 0.0231664 0.00933796 0.00283314 0.00328832 0.00309746 0.00199098 0.00789264 
177 0.823737 0.054034 0.0305477 0.0157133 0.00924268 0.00965244 0.0234344 0.00709384 0.00495787 0.0215864 
178 0.905373 0.0460552 0.0104723 0.0132662 0.0138944 0.0016224 0.00188306 0.00177376 0.00114013 0.00451971 
179 0.847612 0.0411094 0.0169404 0.0161688 0.00951058 0.00993222 0.00962087 0.00729945 0.00510158 0.0367048 
180 0.905796 0.027658 0.0316174 0.00557974 0.016418 0.00191999 0.00222543 0.00209626 0.00134743 0.00534148 
181 0.93886 0.0211189 0.022713 0.00388845 0.00440594 0.00133677 0.00155153 0.00146148 0.000939404 0.00372399 
182 0.647765 0.040008 0.0426312 0.0498228 0.0329075 0.0210813 0.0288912 0.0283892 0.0079914 0.100512 
183 0.917784 0.0255561 0.01885 0.00849477 0.00962528 0.00292032 0.0033895 0.00319277 0.00205224 0.00813549 
184 0.838234 0.0436392 0.0179829 0.0171638 0.0100958 0.0105434 0.0102129 0.00960423 0.0189445 0.023579 
185 0.838234 0.0436392 0.0179829 0.0171638 0.0110044 0.0250195 0.0102129 0.00774865 0.00541552 0.023579 
186 0.854974 0.0358839 0.0109242 0.0121784 0.049759 0.00775601 0.00620412 0.00470713 0.0032898 0.0143237 
187 0.845371 0.041714 0.0171895 0.0164065 0.00965044 0.0100783 0.00976236 0.0221127 0.0051766 0.0225387 
188 0.906194 0.023912 0.0182873 0.00824119 0.00933796 0.00299605 0.0180508 0.00309746 0.00199098 0.00789264 
189 0.784934 0.0429179 0.0214916 0.0228847 0.0194894 0.0283763 0.0190139 0.012363 0.00625689 0.0422727 
190 0.879415 0.0208066 0.0172738 0.0577575 0.00812524 0.0024652 0.00286127 0.00269519 0.00173241 0.00686762 
191 0.913904 0.0219467 0.0167842 0.00756383 0.00857046 0.00260028 0.00301805 0.00284288 0.0155246 0.00724533 
192 0.874566 0.013929 0.0553401 0.016769 0.0134607 0.0026986 0.0161478 0.00203385 0.00101829 0.00403669 
193 0.904128 0.0210971 0.0292796 0.00726526 0.00823215 0.00249764 0.00290123 0.0158862 0.0017552 0.00695798 
194 0.908982 0.0208582 0.0151265 0.00681679 0.00772399 0.00234347 0.00271997 0.0057468 0.0229155 0.0067665 
195 0.897615 0.0138775 0.00935695 0.013236 0.025915 0.00143812 0.0113122 0.0146563 0.00101085 0.0115816 
196 0.84574 0.0670021 0.0134603 0.0238692 0.00745767 0.00778777 0.00754364 0.00572344 0.0040001 0.0174163 
197 0.54499 0.0803228 0.107782 0.00286929 0.0485038 0.0626112 0.0219068 0.0416475 0.00568758 0.083679 
198 0.844225 0.0385014 0.0157958 0.0152497 0.0222081 0.0227746 0.00897082 0.00680625 0.00475688 0.0207113 
199 0.847246 0.0474329 0.0207195 0.0193731 0.0126656 0.00757324 0.0107053 0.00696067 0.00352279 0.0238006 
200 0.838234 0.0436392 0.0179829 0.0171638 0.0100958 0.0105434 0.0102129 0.00774865 0.00541926 0.0389599 
201 0.847773 0.0380393 0.0164468 0.0267707 0.00863461 0.00901741 0.00873474 0.00662714 0.00644208 0.0315137 
202 0.791749 0.0388735 0.0194586 0.0342334 0.0311592 0.0121786 0.0172153 0.0111935 0.00566502 0.0382739 
203 0.849789 0.0405221 0.0166984 0.0159378 0.00939221 0.0240586 0.00948343 0.00719518 0.0050287 0.0218948 
204 0.849789 0.0405222 0.0166984 0.0159378 0.00937472 0.00979034 0.00948546 0.0214789 0.0050287 0.0218948 
205 0.90656 0.0334026 0.0157083 0.00707897 0.0208416 0.0024336 0.00282459 0.00266064 0.0017102 0.00677957 
206 0.807857 0.0383569 0.0191992 0.0204436 0.0174105 0.0120162 0.0169857 0.0110443 0.00559449 0.051092 
207 0.864436 0.0748526 0.0106263 0.0101422 0.00596573 0.00623021 0.00603491 0.00457875 0.00320008 0.013933 
208 0.804234 0.0838226 0.0245013 0.014743 0.0125556 0.00866554 0.0122493 0.00796462 0.00403088 0.0272334 
209 0.890033 0.0322653 0.027763 0.0103555 0.00591198 0.00617409 0.00598054 0.0045375 0.00317125 0.0138075 
210 0.83782 0.0399515 0.0164632 0.0157133 0.00924268 0.0111031 0.0166997 0.0255329 0.00588736 0.0215864 
211 0.89638 0.0200833 0.0153178 0.0194857 0.0327346 0.00237276 0.00275397 0.00259412 0.00166744 0.00661008 
212 0.907646 0.0217618 0.0344104 0.0125597 0.00508654 0.00154368 0.00992086 0.00168723 0.00108452 0.00429924 
213 0.831482 0.0343539 0.0405537 0.0314637 0.00769284 0.00787728 0.00852029 0.016393 0.00404659 0.0176165 
214 0.843063 0.0423366 0.0174461 0.0166514 0.00979448 0.0102287 0.00990806 0.00751735 0.00528512 0.0377693 
215 0.884581 0.0443822 0.0278159 0.006902 0.00782054 0.00237276 0.00275397 0.00259412 0.00166744 0.0191101 
216 0.898705 0.0223658 0.0170173 0.00786307 0.0223842 0.00267395 0.0169082 0.00288547 0.00185271 0.00734454 
217 0.796104 0.0745633 0.0149583 0.0158172 0.023764 0.0195998 0.0131333 0.00853938 0.00432177 0.0291987 
218 0.837555 0.0435654 0.0297108 0.0152828 0.00898945 0.00938799 0.0090937 0.00689949 0.00484845 0.0346672 
219 0.784934 0.0429179 0.0214916 0.0228847 0.0194893 0.013451 0.0190139 0.0272884 0.00625689 0.0422727 
220 0.844389 0.0383371 0.0293093 0.0150763 0.00886797 0.00926113 0.00897081 0.00680625 0.0047572 0.0342245 
221 0.641219 0.0418063 0.0333161 0.041909 0.0361983 0.0231894 0.0317803 0.0312281 0.00881934 0.110534 
222 0.778316 0.0442384 0.0221529 0.0268234 0.032239 0.0138649 0.0195989 0.0127434 0.00644941 0.0435734 
223 0.894601 0.0208122 0.0155096 0.0196478 0.0205779 0.00240282 0.00278885 0.00262698 0.00168859 0.0193438 
224 0.922284 0.0199024 0.0151265 0.00681679 0.00772399 0.00234347 0.00271997 0.0025621 0.00170134 0.0188197 
225 0.907573 0.0235603 0.0180184 0.00812 0.00920064 0.00303347 0.0177038 0.00305193 0.0019617 0.00777657 
226 0.847612 0.0411094 0.0169404 0.0161688 0.00951058 0.00993222 0.00962087 0.00729945 0.00510159 0.0367048 
227 0.845371 0.041714 0.0171895 0.0164065 0.00965044 0.0100783 0.00976236 0.0074068 0.0051766 0.0372446 
228 0.784934 0.0429179 0.0214916 0.0228847 0.0194893 0.013451 0.0190139 0.0146541 0.0188911 0.0422727 
229 0.907573 0.0235603 0.0180184 0.00812007 0.0239064 0.00279148 0.00323997 0.00305191 0.0019617 0.00777657 
230 0.856379 0.0425913 0.0153801 0.0146795 0.00863461 0.00901741 0.00873474 0.00662714 0.00467328 0.0332825 
231 0.562657 0.0640419 0.0596593 0.0598744 0.0105411 0.0611151 0.0326339 0.0276687 0 0.121808 
232 0.80261 0.0393904 0.0197252 0.0210037 0.0178875 0.0123454 0.0199263 0.022552 0.00576085 0.0387982 
233 0.816518 0.0507167 0.0211434 0.0384537 0.019707 0.00770281 0.0108883 0.00707966 0.00358301 0.0242074 
234 0.806771 0.0457704 0.0169404 0.0180385 0.0153622 0.0106025 0.0149874 0.00974494 0.00942943 0.0523527 
235 0.923966 0.0152843 0.0293146 0.00502127 0.00568767 0.00172564 0.00200289 0.00188664 0.00121284 0.0138981 
236 0.847612 0.0411094 0.0169404 0.0161688 0.00951058 0.00993222 0.00962088 0.007328 0.0195658 0.0222121 
237 0.851904 0.0399514 0.0164632 0.0157133 0.00924268 0.00965244 0.00935587 0.0211723 0.00495787 0.0215864 
238 0.840553 0.0411402 0.0428349 0.0152842 0.00898945 0.00938799 0.0090937 0.00689948 0.00482204 0.020995 
239 0.895928 0.0228871 0.0175036 0.007888 0.00893776 0.00271172 0.0031474 0.00296471 0.00190629 0.0361252 
240 0.895929 0.0371722 0.0175036 0.00897708 0.0221344 0.00271172 0.0031474 0.00296471 0.00190565 0.00755438 
241 0.856015 0.0605516 0.0110808 0.0176708 0.0108581 0.0175123 0.00572276 0.00434192 0.00303456 0.0132124 
242 0.842231 0.0308321 0.0127076 0.0552276 0.00750795 0.0183187 0.00721566 0.00547459 0.00382619 0.0166591 
243 0.903861 0.0242109 0.0209159 0.0145116 0.0058478 0.00178126 0.0113976 0.00193953 0.0012505 0.0142841 
244 0.907793 0.035937 0.0220363 0.00546693 0.00619449 0.00187941 0.00218136 0.00205475 0.00133931 0.0151181 
245 0.855777 0.0430377 0.0177104 0.0169037 0.00994288 0.0103837 0.0100582 0.00763125 0.00533347 0.0232217 
246 0.861044 0.0379261 0.0153801 0.0146795 0.00863461 0.0090338 0.0218762 0.0066272 0.0046317 0.0201662 
247 0.776675 0.0416739 0.0224441 0.0351386 0.0189244 0.0130611 0.0329555 0.0120046 0.00607553 0.0410474 
248 0.838234 0.0440434 0.0329634 0.0171638 0.0100958 0.0105434 0.0102129 0.00774865 0.00541552 0.023579 
249 0.78891 0.0393919 0.0197252 0.0210037 0.0186358 0.0388634 0.0175821 0.0113469 0.00574263 0.0387982 
250 0.83782 0.0399525 0.0305467 0.0157133 0.00924268 0.00965244 0.00934986 0.00711209 0.0190241 0.0215864 
251 0.853215 0.0440434 0.0179829 0.0171638 0.0100958 0.0105434 0.0102129 0.00774865 0.00541552 0.023579 
252 0.802455 0.0395462 0.0197252 0.0210037 0.0178874 0.0123454 0.0174511 0.0113469 0.00574263 0.0524969 
253 0.865716 0.051722 0.0125687 0.0227489 0.00705624 0.00736907 0.00713807 0.00541572 0.00378504 0.0164799 
254 0.838229 0.0800877 0.0124351 0.0118686 0.00698247 0.0179277 0.00706213 0.00535811 0.00374478 0.0163046 
255 0.788 0.0423834 0.0211755 0.0225481 0.0192027 0.0132532 0.0187342 0.0121812 0.0066322 0.0558896 
256 0.812446 0.0556174 0.0151572 0.0161397 0.0166151 0.0276691 0.0134098 0.00871916 0.00441276 0.0298134 
257 0.853933 0.039425 0.0162346 0.0154951 0.00911431 0.00951838 0.00922 0.00699531 0.00489111 0.0351734 
258 0.78598 0.0399375 0.033888 0.0212981 0.0320222 0.0125169 0.0176935 0.0115044 0.00582239 0.0393371 
259 0.845371 0.041714 0.0171896 0.0311124 0.00965046 0.0100783 0.00976236 0.0074068 0.0051766 0.0225387 
260 0.784918 0.0429338 0.0214916 0.0228847 0.0194893 0.013451 0.0190139 0.012363 0.00633138 0.0571235 
261 0.83782 0.0399518 0.0164633 0.0438634 0.00926146 0.00965244 0.00934986 0.00709384 0.00495787 0.0215864 
262 0.843063 0.0423366 0.0174564 0.0315665 0.00979448 0.0102287 0.00990806 0.00751735 0.00525387 0.0228751 
263 0.634621 0.0438104 0.0337989 0.0425164 0.0367246 0.0379855 0.032272 0.0316807 0.00891184 0.0976789 
264 0.776887 0.0602602 0.0187793 0.0328952 0.0169582 0.0117279 0.0294254 0.0108397 0.00544431 0.0367827 
265 0.853547 0.0437105 0.0179829 0.0171638 0.0100958 0.0105434 0.0102129 0.00774865 0.00541552 0.023579 
266 0.838234 0.0436392 0.0179829 0.0171638 0.0100958 0.0105434 0.0102129 0.00844641 0.0201024 0.023579 
267 0.522138 0.0859026 0.0846145 0.00330403 0.0558529 0.0569462 0.0255326 0.0628026 0.00654933 0.0963576 
268 0.906194 0.023912 0.0182873 0.00840652 0.0228666 0.00406452 0.00328832 0.00309746 0.00199098 0.00789264 
269 0.89598 0.0198696 0.0171214 0.0275789 0.0164207 0.00405426 0.0100956 0.00219024 0.00134743 0.00534148 
270 0.861268 0.0341753 0.014083 0.0135199 0.0198748 0.00825834 0.00799808 0.00606822 0.00424108 0.0305137 
271 0.904544 0.0254706 0.00942653 0.00911932 0.0151186 0.0116436 0.00541718 0.00406179 0.00283878 0.01236 
272 0.922259 0.019927 0.0151265 0.00681742 0.020069 0.00234347 0.00271997 0.0025621 0.00164686 0.00652848 
273 0.619474 0.04434 0.0353353 0.044449 0.0383921 0.0245948 0.0337064 0.0331207 0.00931785 0.117269 
274 0.788096 0.0422868 0.0211755 0.0225481 0.0192027 0.0132532 0.0187343 0.026887 0.00616488 0.0416511 
275 0.79881 0.0361423 0.0186808 0.040471 0.0174213 0.0109904 0.0277308 0.0101015 0.00511234 0.0345399 
276 0.778316 0.0442384 0.0221529 0.0235888 0.020089 0.0138649 0.0195989 0.0127434 0.006849 0.0585584 
277 0.853188 0.0369669 0.0274481 0.0141221 0.00830671 0.00867498 0.00840304 0.00659012 0.0168994 0.0194004 
278 0.840072 0.0532854 0.0162346 0.029384 0.00911431 0.00951838 0.00922 0.00699531 0.00488901 0.0212866 
279 0.825087 0.0607257 0.0153801 0.0146795 0.0102873 0.0204102 0.0220051 0.00662714 0.0046317 0.0201662 
280 0.842248 0.0388718 0.0160122 0.0152828 0.00898945 0.00941283 0.0227675 0.00689958 0.0185191 0.0209964 
281 0.613271 0.0534907 0.0548245 0.0463322 0.00815684 0.0591962 0.0263344 0.0441378 0 0.0942563 
282 0.539781 0.0906572 0.0797794 0.00311523 0.0526613 0.0536922 0.0237845 0.0452173 0.00618442 0.105128 
283 0.838234 0.0436392 0.0179829 0.0171638 0.0100958 0.0105434 0.0108544 0.0224918 0.00541553 0.023579 
284 0.781675 0.0435681 0.0218172 0.0232314 0.0197846 0.0136548 0.0193019 0.0125503 0.00635174 0.0580647 
285 0.83108 0.0637383 0.0160122 0.0152829 0.0226873 0.00938864 0.0090937 0.00689948 0.00482204 0.020995 
286 0.788097 0.0422868 0.0211755 0.0225481 0.0192027 0.0132532 0.0187342 0.0121812 0.00616492 0.0563569 
287 0.838234 0.0436392 0.0179829 0.0171638 0.0102445 0.0256638 0.0103285 0.00774865 0.00541552 0.023579 
288 0.915067 0.02165 0.0165574 0.00746162 0.00845464 0.00256514 0.00297727 0.00280446 0.00180264 0.0206595 
289 0.922013 0.0161102 0.0298613 0.00511269 0.00579299 0.0017576 0.00568448 0.00753581 0.00123567 0.00489636 
290 0.908794 0.0233375 0.0178096 0.0224426 0.00906736 0.00275102 0.00319301 0.00300768 0.00193327 0.00766387 
291 0.826609 0.0309285 0.0152314 0.0265886 0.0137483 0.00948648 0.0136633 0.0291222 0.00480883 0.0298134 
292 0.783353 0.0494888 0.0208687 0.0222213 0.0193097 0.0271685 0.0184628 0.0120046 0.00607553 0.0410474 
293 0.858417 0.052792 0.0107272 0.0377548 0.00602046 0.00628737 0.00609028 0.00462076 0.00322944 0.0140609 
294 0.514979 0.0870306 0.0859163 0.00335486 0.0567121 0.0578223 0.0256141 0.0486955 0.00665009 0.113225 
295 0.939768 0.0302352 0.00730493 0.00988086 0.00041919 0.0102332 0 0 0.000369516 0.00178911 
296 0.830378 0.045693 0.0169404 0.0180385 0.0153622 0.0106025 0.0149874 0.00974494 0.0049319 0.0333208 
297 0.916826 0.0215567 0.0161217 0.00726526 0.00823215 0.00249764 0.00319617 0.0153863 0.00196022 0.00695798 
298 0.778316 0.0442384 0.0221529 0.0235888 0.020089 0.0138649 0.0195989 0.0217551 0.0128223 0.0435734 
299 0.569284 0.0630715 0.0436039 0.0589672 0.0103814 0.0601891 0.0349177 0.0396228 0 0.119963 
300 0.847527 0.0411947 0.0169404 0.0161688 0.00963765 0.0242979 0.00962089 0.00729946 0.00510158 0.0222121 
301 0.857734 0.0351274 0.0144307 0.026119 0.00810166 0.0208064 0.00819559 0.00621805 0.00434579 0.0189214 
302 0.80261 0.0393904 0.0334238 0.0210037 0.0178874 0.0123454 0.0174511 0.0113469 0.00574263 0.0387982 
303 0.853957 0.0394005 0.0162346 0.0206 0.0178983 0.00951838 0.00922 0.00699531 0.00488901 0.0212866 
304 0.906194 0.0239119 0.0182873 0.00824119 0.00933796 0.00283314 0.00328832 0.00309746 0.00199107 0.0228179 
305 0.907548 0.0205163 0.0155095 0.0196476 0.00791954 0.00240279 0.00278883 0.00262696 0.00168872 0.0193518 
306 0.787998 0.0423852 0.0211755 0.0225481 0.0192027 0.0159746 0.0290707 0.0138292 0.00616488 0.0416511 
307 0.61362 0.0450222 0.0358789 0.0451328 0.0389828 0.0249732 0.034225 0.0336303 0.00946026 0.119075 
308 0.815325 0.0406066 0.0166126 0.0290565 0.015009 0.0103588 0.0261371 0.00952092 0.00481853 0.0325548 
309 0.781675 0.0435681 0.0218172 0.0383829 0.0197846 0.0136548 0.019302 0.0125503 0.00635169 0.0429132 
310 0.851725 0.0401312 0.0164632 0.0297978 0.00924268 0.00965244 0.00934986 0.00709384 0.00495787 0.0215864 
311 0.92325 0.0169296 0.0128974 0.0097058 0.0129851 0.00223148 0.00231913 0.00218453 0.00175006 0.0157468 
312 0.779865 0.0410785 0.0205705 0.0361896 0.0186541 0.0128745 0.018199 0.0118331 0.00599393 0.0547415 
313 0.770008 0.0429179 0.0214916 0.0228847 0.0194893 0.013844 0.0335462 0.012363 0.00628201 0.0571729 
314 0.830337 0.0339695 0.0169404 0.0180385 0.0153622 0.0106025 0.0149874 0.00974494 0.00493303 0.0450844 
315 0.846469 0.0378208 0.0155852 0.0282046 0.00875369 0.00913765 0.0088512 0.0067155 0.00470497 0.0337569 
316 0.895866 0.0281116 0.0115732 0.011046 0.00649733 0.00678538 0.00657268 0.00498676 0.00348525 0.0250756 
317 0.84342 0.048102 0.0146111 0.0139793 0.0195141 0.00972152 0.008298 0.00629578 0.00658215 0.0294759 
318 0.61362 0.0450222 0.0358789 0.0451328 0.0389828 0.0249732 0.034225 0.0336303 0.0095015 0.119033 
319 0.906194 0.0388373 0.0182873 0.00824119 0.00933796 0.00283314 0.00328832 0.00309746 0.00199098 0.00789264 
320 0.61362 0.0450222 0.0358789 0.0451328 0.0389828 0.0249732 0.0342432 0.0489966 0.0094603 0.10369 
321 0.859983 0.0824335 0.0100891 0.00961763 0.00565716 0.00590796 0.00572276 0.00434192 0.00303456 0.0132124 
322 0.845371 0.041714 0.0171895 0.0164065 0.00965044 0.0100783 0.00976236 0.0074068 0.00531708 0.0371041 
323 0.784934 0.0429179 0.0214916 0.0228847 0.0344115 0.0134542 0.0190139 0.012363 0.00625689 0.0422727 
324 0.838234 0.0436392 0.0179829 0.0171638 0.0100958 0.0105434 0.0102129 0.00774865 0.00541552 0.0389636 
325 0.776675 0.0416739 0.0208687 0.0222213 0.0334172 0.0130611 0.0184697 0.0264904 0.00607553 0.0410474 
326 0.879055 0.0531432 0.0169499 0.0165257 0.0051268 0.00535409 0.00518625 0.00393486 0.00275007 0.0119737 
327 0.838234 0.0436392 0.0179829 0.0171638 0.0101686 0.0258553 0.0102129 0.00774865 0.00541552 0.023579 
328 0.569284 0.0630715 0.0436261 0.0740966 0.0103814 0.0601891 0.0321395 0.0272494 0 0.119963 
329 0.914686 0.0220314 0.0167884 0.0196929 0.00950586 0.00256514 0.00297727 0.00280446 0.00180264 0.00714604 
330 0.843062 0.042338 0.0174461 0.0166514 0.00979448 0.0102287 0.00990806 0.00751735 0.00525387 0.0378005 
331 0.862078 0.0377711 0.0272112 0.0205641 0.0160898 0.00665363 0.00644505 0.00488993 0.00341756 0.0148799 
332 0.825081 0.0461191 0.0326667 0.024126 0.0124364 0.00858301 0.0121327 0.00788876 0.00399249 0.026974 
333 0.822717 0.079761 0.0181429 0.0257973 0.00800281 0.0083576 0.00809561 0.00614223 0.00429279 0.0186907 
334 0.529313 0.0880817 0.0859163 0.00335486 0.0567121 0.0578223 0.0256141 0.0486955 0.00665009 0.09784 
335 0.797041 0.0405093 0.0202808 0.0215954 0.0183913 0.0126932 0.0179524 0.0257412 0.00590439 0.0398911 
336 0.781675 0.0435681 0.0218172 0.0232314 0.0197846 0.0136548 0.019302 0.0125503 0.00638465 0.0580318 
337 0.781675 0.0435681 0.0218172 0.0232314 0.0197846 0.0147355 0.0333728 0.0125503 0.00635169 0.0429132 
338 0.923265 0.018746 0.0217943 0.00654664 0.00638412 0.00193695 0.00224814 0.00211765 0.00136121 0.0156 
339 0.90003 0.0448771 0.0144147 0.00658758 0.0190336 0.00223322 0.00259197 0.00244153 0.00156936 0.00622125 
340 0.826923 0.0697642 0.0139156 0.025186 0.00781699 0.0200586 0.00790286 0.00599598 0.00419058 0.0182456 
341 0.806248 0.0399663 0.0191992 0.0204436 0.0174105 0.0120162 0.0169857 0.0110443 0.00590273 0.0507837 
342 0.62268 0.0513473 0.0358789 0.0451328 0.0389828 0.0249732 0.034225 0.0336303 0.00946026 0.10369 
343 0.843063 0.0423366 0.0174461 0.016803 0.0245682 0.0102288 0.00990807 0.00751735 0.00525387 0.0228751 
344 0.849172 0.0480859 0.0179829 0.0171638 0.0100958 0.0105434 0.0102129 0.00774865 0.00541552 0.023579 
345 0.789088 0.0488511 0.0221529 0.0235888 0.020089 0.0138649 0.0195989 0.0127434 0.00644941 0.0435734 
346 0.785523 0.0403943 0.0199991 0.0266058 0.0267144 0.013281 0.0308179 0.0115047 0.00582239 0.0393371 
347 0.830665 0.041714 0.0171895 0.0164065 0.0105867 0.0238478 0.00976244 0.0074068 0.00517689 0.0372443 
348 0.916636 0.0267042 0.01885 0.00849477 0.00962528 0.00292032 0.0033895 0.00319277 0.00205224 0.00813549 
349 0.850161 0.0470968 0.0179829 0.0171638 0.0100958 0.0105434 0.0102129 0.00774865 0.00541552 0.023579 
350 0.781675 0.0435681 0.0218172 0.0232314 0.0267929 0.021798 0.0193019 0.0125503 0.00635169 0.0429132 
351 0.909613 0.0307276 0.0133053 0.0130595 0.00405141 0.0104026 0.00409778 0.00310903 0.0021729 0.0094607 
352 0.846186 0.0570281 0.0169404 0.0161688 0.00951058 0.00993222 0.00962088 0.00729946 0.00510158 0.0222121 
353 0.796265 0.0441296 0.0218172 0.0232314 0.0197846 0.0136548 0.019302 0.0125503 0.00635169 0.0429132 
354 0.840685 0.042978 0.0177104 0.0169037 0.0105808 0.0229101 0.0120454 0.00763125 0.00533347 0.0232217 
355 0.922458 0.0239695 0.0119122 0.00516037 0.00584714 0.00457748 0.00860138 0.00193954 0.00124669 0.0142879 
356 0.844614 0.0526438 0.0179829 0.0171638 0.0100958 0.0105434 0.0102129 0.00774865 0.00541552 0.023579 
357 0.840685 0.042978 0.0177104 0.0169037 0.00994288 0.0104064 0.025187 0.00763125 0.00533347 0.0232217 
358 0.747673 0.0706759 0.0210806 0.0365021 0.0189244 0.0130611 0.0184627 0.0174669 0.015106 0.0410474 
359 0.822731 0.0209641 0.0519513 0.0313957 0.00793297 0.0154656 0.013841 0.0151976 0.00165174 0.0188693 
360 0.840996 0.0364948 0.0151548 0.0264215 0.00854415 0.0217519 0.0204051 0.00637548 0.00445581 0.0194004 
361 0.650462 0.0413678 0.0323907 0.0407449 0.0351928 0.0225453 0.031399 0.043748 0.00854051 0.093609 
362 0.898833 0.0361265 0.0170173 0.00766889 0.00868949 0.0026364 0.00305997 0.00288236 0.00185271 0.0212334 
363 0.61362 0.0450222 0.0358789 0.058391 0.0411091 0.0249732 0.034225 0.0336303 0.00946026 0.10369 
364 0.778316 0.0442384 0.0221529 0.0235888 0.020089 0.0138649 0.0195989 0.0127434 0.00659106 0.0588164 
365 0.856056 0.0479662 0.0146111 0.0264456 0.00820288 0.00856654 0.008298 0.00629578 0.00440011 0.0191579 
366 0.852662 0.0334766 0.0255163 0.0131252 0.00772035 0.00806263 0.00780989 0.00647083 0.0246158 0.0205405 
367 0.784934 0.0429179 0.036417 0.0228847 0.0194893 0.013451 0.0190139 0.012363 0.00625689 0.0422727 
368 0.804024 0.040112 0.0329721 0.0207199 0.0176457 0.0121786 0.0172153 0.0111935 0.00566502 0.0382739 
369 0.778316 0.0442384 0.0221529 0.0235888 0.020089 0.0138649 0.0195989 0.0127434 0.00756606 0.0578414 
370 0.918291 0.0250484 0.01885 0.00849477 0.00962528 0.00292032 0.0033895 0.00319277 0.00205224 0.00813549 
371 0.796301 0.0440944 0.0218172 0.0232314 0.0197846 0.0136548 0.019302 0.0125503 0.00635169 0.0429132 
372 0.625154 0.0436782 0.0348079 0.0437855 0.0378191 0.0242277 0.0332033 0.0326264 0.00937377 0.115324 
373 0.845371 0.041714 0.0171895 0.0164065 0.00965044 0.0100783 0.00976237 0.0221127 0.0051766 0.0225387 
374 0.784924 0.0429277 0.0214916 0.0228847 0.0194893 0.013451 0.0190139 0.0127408 0.0207985 0.0422787 
375 0.897391 0.0450131 0.0234615 0.00766889 0.00868949 0.0026364 0.00305997 0.00288236 0.00185271 0.00734454 
376 0.85596 0.0369011 0.0177389 0.0351416 0.00811662 0.00846078 0.00819556 0.00621805 0.00434579 0.0189214 
377 0.828979 0.0485113 0.0165108 0.0377238 0.00830671 0.00867516 0.0206686 0.00676797 0.00445581 0.0194004 
378 0.849216 0.0577163 0.0146422 0.0254897 0.0079064 0.00825691 0.00799807 0.00606822 0.00424107 0.0184655 
